ID_Master_Node	Definition	Infras_Type	Power_Use	Node_Type	MinGX	MinGY		
3	Intersection	TER	22	1	34123924	24626314		
4	Intersection	TER	0	1	34869533	24765850		
5	Intersection	TER	0	1	35349257	25113842		
7	Intersection	TER	0	1	33252736	24551060		
8	Intersection	TER	0	1	33930272	25047341		
9	Intersection	TER	0	1	33995215	25141831		
10	Intersection	TER	0	1	34238533	25463881		
11	Intersection	TER	22	1	33257093	24620821		
12	Intersection	TER	22	1	33208017	24806521		
14	Intersection	TER	22	1	33162846	25278301		
16	Intersection	TER	22	1	33597919	25292627		
17	Intersection	TER	22	1	33737059	25298762		
18	Intersection	TER	22	1	33921714	24918206		
19	Intersection	TER	22	1	34262469	24932761		
20	Intersection	TER	22	1	34981209	25132662		
21	Intersection	TER	22	1	34566054	25125523		
22	Intersection	TER	22	1	34713556	25279767		
23	Intersection	TER	22	1	34453818	25214544		
24	Intersection	TER	22	1	34322977	25178308		
25	Intersection	TER	22	1	33867267	25290172		
27	Intersection	TER	22	1	34435996	25112739		
28	Intersection	TER	22	1	34000597	25032523		
29	Intersection	TER	22	1	33950256	24992277		
30	Intersection	TER	0	1	33076487	24346989		
31	Intersection	TER	0	1	33142204	24339009		
32	Intersection	TER	0	1	33156649	24327214		
33	Intersection	TER	0	1	33203349	24315927		
34	Intersection	TER	0	1	33206581	24365115		
35	Intersection	TER	0	1	33178233	24361987		
36	Intersection	TER	0	1	33146275	24366441		
37	Intersection	TER	22	1	33162436	24431307		
38	Intersection	TER	0	1	33114317	24471680		
39	Intersection	TER	0	1	33198455	24458816		
40	Intersection	TER	22	1	33048249	24524962		
41	Intersection	TER	0	1	33227431	24494092		
43	Intersection	TER	0	1	33180151	24444835		
44	Intersection	TER	0	1	33425841	24514813		
45	Intersection	TER	0	1	33419741	24397789		
46	Intersection	TER	22	1	33431182	24538753		
47	Intersection	TER	0	1	33293053	24501384		
48	Intersection	TER	0	1	33368169	24383902		
49	Intersection	TER	0	1	33470888	24407573		
50	Intersection	TER	22	1	33397433	24603129		
51	Intersection	TER	0	1	33284486	24587150		
52	Intersection	TER	0	1	33324387	24704965		
53	Intersection	TER	0	1	33239901	25082910		
54	Intersection	TER	0	1	33326731	25080819		
55	Intersection	TER	22	1	33482243	24927103		
56	Intersection	TER	0	1	33625587	24948879		
57	Intersection	TER	0	1	33759307	24752183		
59	Intersection	TER	0	1	34023216	24801672		
60	Intersection	TER	0	1	34098591	24806992		
61	Intersection	TER	0	1	34333938	24801111		
62	Intersection	TER	0	1	33999187	24842028		
63	Intersection	TER	0	1	34094083	24870704		
65	Intersection	TER	0	1	33962222	24885805		
66	Intersection	TER	22	1	33950437	24857537		
68	Intersection	TER	22	1	34013303	24892873		
69	Intersection	TER	22	1	33867946	24774176		
70	Intersection	TER	22	1	33924317	24583765		
72	Intersection	TER	22	1	33959829	25035064		
73	Intersection	TER	22	1	33898836	24933256		
74	Intersection	TER	0	1	34049893	24888113		
75	Intersection	TER	22	1	34446351	24866163		
77	Intersection	TER	22	1	35278722	24861036		
78	Intersection	TER	22	1	35290994	24905328		
80	Intersection	TER	0	1	35331473	24864613		
81	Intersection	TER	0	1	35363791	24921701		
82	Intersection	TER	0	1	35363612	25195516		
83	Intersection	TER	0	1	35258892	25303246		
84	Intersection	TER	0	1	35203225	25190270		
85	Intersection	TER	0	1	34999866	25202864		
86	Intersection	TER	0	1	35109742	25286158		
87	Intersection	TER	0	1	34952664	25281691		
90	Intersection	TER	22	1	34728191	25335830		
91	Intersection	TER	22	1	33165270	25164665		
92	Intersection	TER	0	1	33891407	25007912		
93	Intersection	TER	0	1	33907948	25024493		
94	Intersection	TER	22	1	33933693	25028240		
95	Intersection	TER	22	1	33938788	25031296		
96	Intersection	TER	0	1	33387854	24897361		
97	Intersection	TER	22	1	33334130	25283845		
98	Intersection	TER	22	1	33558854	25172797		
99	Intersection	TER	22	1	33494505	24819070		
100	Intersection	TER	0	1	33023772	24855894		
101	Intersection	TER	0	1	32928365	25232914		
102	Intersection	TER	0	1	34703044	24657072		
103	Intersection	TER	22	1	35300912	24991835		
104	Intersection	TER	22	1	35359774	25026817		
105	Intersection	TER	0	1	35276229	25514990		
106	Intersection	TER	22	1	33913555	24972319		
107	Intersection	TER	22	1	33947972	24951470		
108	Intersection	TER	22	1	33919449	24982671		
109	Intersection	TER	22	1	33922700	24995015		
110	Intersection	TER	22	1	33925507	25007331		
111	Intersection	TER	22	1	33927425	25021540		
112	Intersection	TER	22	1	33945377	25020000		
113	Intersection	TER	22	1	33947986	25005172		
114	Intersection	TER	22	1	33950402	24986959		
115	Intersection	TER	22	1	33949274	24970476		
116	Intersection	TER	22	1	33929843	24962451		
117	Intersection	TER	22	1	33943330	24972906		
118	Intersection	TER	22	1	33933098	25021053		
119	Intersection	TER	22	1	33927496	24979380		
120	Intersection	TER	22	1	33933622	24976875		
121	Intersection	TER	22	1	33939160	24974611		
122	Intersection	TER	22	1	33929333	24993040		
123	Intersection	TER	22	1	33935200	24991500		
124	Intersection	TER	22	1	33936840	25006243		
125	Intersection	TER	22	1	33931158	25006622		
126	Intersection	TER	22	1	33941739	25005772		
127	Intersection	TER	22	1	33940196	24989974		
128	Intersection	TER	22	1	33942238	25020269		
129	Intersection	TER	22	1	33938340	25020604		
130	Intersection	TER	22	1	33945047	25005455		
131	Intersection	TER	22	1	33944166	24988766		
134	Intersection	TER	0	1	34059258	24962073		
135	Intersection	TER	22	1	34066201	25045813		
136	Intersection	TER	0	1	34168253	25018622		
137	Intersection	TER	0	1	34277464	25018900		
138	Intersection	TER	0	1	35055753	25076198		
139	Intersection	TER	0	1	35045394	25359472		
140	Intersection	TER	0	1	34988558	25321518		
141	Intersection	TER	0	1	34764858	25476456		
142	Intersection	TER	0	1	34503992	25313824		
143	Intersection	TER	0	1	34344892	25310768		
145	Intersection	TER	0	1	34466897	25388175		
146	Intersection	TER	0	1	34480407	25464090		
148	Intersection	TER	22	1	33967793	25161251		
149	Intersection	TER	22	1	33920548	25205318		
150	Intersection	TER	22	1	33882221	25081336		
151	Intersection	TER	22	1	33897225	25050167		
155	Intersection	TER	22	1	33907403	24956312		
156	Intersection	TER	22	1	33942951	24954511		
157	Intersection	TER	22	1	33946337	24971676		
158	Intersection	TER	22	1	33947139	24987908		
159	Intersection	TER	22	1	33962041	25018375		
160	Intersection	TER	22	1	33962153	25001206		
161	Intersection	TER	22	1	33961691	24984914		
163	Intersection	TER	22	1	33955599	24919631		
165	Intersection	TER	0	1	34723176	25018582		
166	Intersection	TER	0	1	33131780	25305984		
167	Intersection	TER	22	1	34006470	24921780		
168	Intersection	TER	22	1	33950811	24959641		
169	Intersection	TER	22	1	33958179	24980830		
170	Intersection	TER	22	1	33954517	25003344		
171	Intersection	TER	0	1	33936608	25037664		
172	Intersection	TER	0	1	33935102	25040888		
173	Intersection	TER	22	1	34443731	25031970		
174	Intersection	TER	0	1	33914247	24997943		
175	Intersection	TER	0	1	33918284	24996786		
176	Intersection	TER	0	1	33922825	25027889		
177	Intersection	TER	0	1	33918923	25028871		
178	Intersection	TER	0	1	33888230	24967024		
179	Intersection	TER	0	1	33900061	24964211		
180	Intersection	TER	0	1	33880347	24947815		
181	Intersection	TER	0	1	33893964	24937191		
182	Intersection	TER	0	1	33217787	24520389		
183	Intersection	TER	0	1	33226125	24530193		
184	Intersection	TER	0	1	33873762	24682199		
185	Intersection	TER	0	1	33850226	24675412		
186	Intersection	TER	0	1	33633370	24606931		
187	Intersection	TER	0	1	33629835	24607012		
188	Intersection	TER	0	1	33269096	24466905		
189	Intersection	TER	0	1	33255166	24465391		
190	Intersection	TER	22	1	33850228	24779538		
191	Intersection	TER	22	1	33838819	24778628		
192	Intersection	TER	0	1	33878501	24995628		
193	Intersection	TER	0	1	33888601	25005735		
194	Intersection	TER	22	1	33869850	25030880		
195	Intersection	TER	22	1	33874993	25034938		
196	Intersection	TER	0	1	33860786	25396885		
197	Intersection	TER	22	1	35402125	25111835		
198	Intersection	TER	22	1	33729297	25044924		
199	Intersection	TER	0	1	35302837	25391641		
200	Intersection	TER	0	1	33147192	24432281		
201	Intersection	TER	0	1	33921896	24704096		
202	Intersection	TER	0	1	33949642	24810474		
203	Intersection	TER	0	1	33866213	24816727		
204	Intersection	TER	22	1	33904616	24813845		
205	Intersection	TER	22	1	35364905	25104091		
206	Intersection	TER	22	1	33908008	24638478		
207	Intersection	TER	0	1	34897495	24725772		
208	Intersection	TER	0	1	33820689	25173440		
209	Intersection	TER	0	1	32981059	24593116		
210	Intersection	TER	0	1	34046676	25245784		
211	Intersection	TER	22	1	35133911	25124783		
212	Intersection	TER	0	1	34416516	24673699		
213	Intersection	TER	22	1	33590374	25090630		
214	Intersection	TER	22	1	33498397	25120947		
215	Intersection	TER	0	1	34181934	24753331		
216	Intersection	TER	22	1	33128352	24459901		
217	Intersection	TER	22	1	34278220	25078598		
218	Intersection	TER	0	1	33486718	24713890		
219	Intersection	TER	22	1	33912130	25073618		
220	Intersection	TER	0	1	33849839	24967516		
221	Intersection	TER	0	1	34047841	24597183		
222	Intersection	TER	22	1	34221578	24844796		
223	Intersection	TER	22	1	33867607	24999779		
224	Intersection	TER	0	1	33435963	25202564		
225	Intersection	TER	0	1	33266361	24987550		
226	Intersection	TER	0	1	35122134	25479395		
227	Intersection	TER	22	1	33169961	25008815		
228	Intersection	TER	0	1	33287120	24847426		
229	Intersection	TER	0	1	34650314	24844932		
230	Intersection	TER	0	1	34912718	24828747		
231	Intersection	TER	0	1	35124207	24933046		
232	Intersection	TER	0	1	34565547	24931728		
233	Intersection	TER	0	1	34842600	25039215		
234	Intersection	TER	0	1	34787813	25151475		
235	Intersection	TER	22	1	33274699	25225769		
236	Intersection	TER	0	1	34872707	25390721		
237	Intersection	TER	0	1	33432326	25533138		
238	Intersection	TER	0	1	33613341	24671161		
239	Intersection	TER	0	1	33393490	24724361		
240	Intersection	TER	22	1	33477131	25288569		
241	Intersection	TER	0	1	33388937	25172199		
242	Intersection	TER	0	1	34178638	25213511		
243	Intersection	TER	0	1	34191155	25339577		
244	Intersection	TER	0	1	34030026	25369889		
245	Intersection	TER	0	1	33939472	25386977		
246	Intersection	TER	0	1	33233988	25389025		
247	Intersection	TER	0	1	32969600	24391693		
248	Intersection	TER	0	1	33906624	25531318		
249	Intersection	TER	0	1	34849289	25258801		
250	Intersection	TER	0	1	34277310	24661215		
251	Intersection	TER	0	1	34572840	24664584		
252	Intersection	TER	0	1	35075697	24788905		
253	Intersection	TER	0	1	33866455	24886246		
254	Intersection	TER	0	1	34468952	24687694		
255	Intersection	TER	0	1	34472203	24688139		
256	Intersection	TER	0	1	34060933	24343157		
257	Intersection	TER	0	1	34094115	24325388		
258	Intersection	TER	0	1	34118093	24353433		
259	Intersection	TER	0	1	34147636	24389827		
260	Intersection	TER	0	1	34190453	24406311		
261	Intersection	TER	0	1	34226419	24412091		
2000	Steam_Plant	Power	100000	0	33202328	24729871		
2001	Steam_Plant	Power	100000	0	33460864	25242390		
2002	Steam_Plant	Power	100000	0	34127916	25512181		
2003	Steam_Plant	Power	100000	0	35094634	24838587		
2501	Trans_Substation	Power	0	1	33208238	24685396		
2502	Trans_Substation	Power	0	1	33473262	25208599		
2503	Trans_Substation	Power	0	1	34180161	25454431		
2504	Trans_Substation	Power	0	1	35068296	24851528		
2505	Trans_Substation	Power	0	1	33791215	24727469		
2506	Trans_Substation	Power	0	1	33300948	25120214		
2507	Trans_Substation	Power	0	1	35315672	25207944		
2508	Trans_Substation	Power	0	1	34519406	24709733		
2509	Trans_Substation	Power	0	1	33993781	25102207		
2510	Trans_Substation	Power	0	1	33829586	25069806		
2511	Trans_Substation	Power	0	1	34214310	24705982		
2512	Trans_Substation	Power	0	1	34729046	25181783		
2513	Trans_Substation	Power	0	1	34311218	25170673		
3001	Dist_Substation	Power	0	1	33561708	24554996		
3002	Dist_Substation	Power	0	1	33016639	25012995		
3003	Dist_Substation	Power	0	1	35417840	25148969		
3004	Dist_Substation	Power	0	1	35348732	25040856		
3005	Dist_Substation	Power	0	1	33992181	24980172		
3006	Dist_Substation	Power	0	1	33931627	24899160		
3007	Dist_Substation	Power	0	1	33749506	24919544		
3008	Dist_Substation	Power	0	1	33911450	25051569		
3009	Dist_Substation	Power	0	1	34218693	24801135		
3010	Dist_Substation	Power	0	1	34417408	24923569		
3011	Dist_Substation	Power	0	1	33981116	24784328		
3012	Dist_Substation	Power	0	1	33441451	24913691		
3013	Dist_Substation	Power	0	1	33158495	24479062		
3014	Dist_Substation	Power	0	1	34212384	24994196		
3015	Dist_Substation	Power	0	1	34554952	25029451		
3016	Dist_Substation	Power	0	1	34577976	25337739		
3017	Dist_Substation	Power	0	1	34231101	24402228		
4001	Central_Office	Comm	300	1	33290754	24694585		
4002	Central_Office	Comm	300	1	33158294	24363256		
4003	Central_Office	Comm	300	1	33718206	25178298		
4004	Central_Office	Comm	300	1	33992601	24959145		
4005	Central_Office	Comm	300	1	34102857	24648004		
4006	Central_Office	Comm	300	1	34289754	24969235		
4007	Central_Office	Comm	300	1	34674065	25371126		
4008	Central_Office	Comm	300	1	35292482	25208211		
4009	Central_Office	Comm	300	1	35147731	24823206		
4010	Central_Office	Comm	300	1	33341876	25244192		
4501	Cell_Tower	Comm	250	1	33338569	24558552		
4502	Cell_Tower	Comm	250	1	33178240	24767665		
4503	Cell_Tower	Comm	250	1	33262555	25154520		
4504	Cell_Tower	Comm	250	1	33419636	25315462		
4505	Cell_Tower	Comm	250	1	33829482	25281362		
4506	Cell_Tower	Comm	250	1	33731056	25032541		
4507	Cell_Tower	Comm	250	1	33968111	25111406		
4508	Cell_Tower	Comm	250	1	33967792	24880417		
4509	Cell_Tower	Comm	250	1	34024811	24697479		
4510	Cell_Tower	Comm	250	1	34046257	24589030		
4511	Cell_Tower	Comm	250	1	34280352	25100557		
4512	Cell_Tower	Comm	250	1	34371978	24861481		
4513	Cell_Tower	Comm	250	1	34213146	24883107		
4514	Cell_Tower	Comm	250	1	34713044	25252957		
4515	Cell_Tower	Comm	250	1	34517379	25367021		
4516	Cell_Tower	Comm	250	1	35308837	25319496		
4517	Cell_Tower	Comm	250	1	35098885	24922211		
4518	Cell_Tower	Comm	250	1	33941313	25005813		
4519	Cell_Tower	Comm	250	1	33120185	24437661		
5501	Airport	TER	350	2	34288489	25263095		
5502	Airport	TER	350	2	33421376	24870913		
5503	Bus_Terminal	TER	25	2	35358290	25100786		
5504	Bus_Terminal	TER	25	2	34150764	24652537		
5505	Bus_Terminal	TER	25	2	33166962	24425357		
5506	Bus_Terminal	TER	25	2	33261766	24604865		
5507	Bus_Terminal	TER	25	2	33482137	25108654		
5508	Bus_Terminal	TER	25	2	35285446	24870090		
5509	Bus_Terminal	TER	25	2	34714807	25263543		
5510	Bus_Terminal	TER	25	2	33924559	24995836		
5511	Ferry	TER	100	2	33926207	24531732		
5512	Ferry	TER	100	2	34061507	24363577		
5513	Fire_Station	TER	75	0	35408077	25156935		
5514	Fire_Station	TER	75	0	33227071	24935209		
5515	Fire_Station	TER	75	0	34364061	24929795		
5516	Fire_Station	TER	75	0	34221539	24679585		
5517	Fire_Station	TER	75	0	34113662	24329613		
5518	Fire_Station	TER	75	0	33334083	24787594		
5519	Fire_Station	TER	75	0	33615924	25092089		
5520	Fire_Station	TER	75	0	33502757	25201656		
5521	Fire_Station	TER	75	0	34489968	25043724		
5522	Fire_Station	TER	75	0	34854897	25277664		
5523	Fire_Station	TER	75	0	35345958	25000392		
5524	Fire_Station	TER	75	0	35370580	25022506		
5525	Fire_Station	TER	75	0	33961662	24979308		
5526	Fire_Station	TER	75	0	33093318	24349859		
5527	Fire_Station	TER	75	0	33158037	24373240		
5528	Fire_Station	TER	75	0	33920519	24979384		
5529	Fire_Station	TER	75	0	33947460	25018997		
5530	Fire_Station	TER	75	0	33926471	25005272		
5531	Fire_Station	TER	75	0	33937070	24992935		
5532	Fire_Station	TER	75	0	35284774	24848556		
5533	Fire_Station	TER	75	0	33903169	24934232		
5534	Fire_Station	TER	75	0	33963534	24862505		
5535	Fire_Station	TER	75	0	33916574	24823309		
5536	Fire_Station	TER	75	0	33224112	25185699		
5537	Fire_Station	TER	75	0	34093997	24637359		
5538	Group_Home	TER	50	2	35407360	25231775		
5539	Group_Home	TER	50	2	35331495	24953031		
5540	Group_Home	TER	50	2	33458483	25242116		
5541	Group_Home	TER	50	2	35414214	25033102		
5542	Group_Home	TER	50	2	35370481	25169936		
5543	Group_Home	TER	50	2	33959406	24576280		
5544	Group_Home	TER	50	2	33925290	24865114		
5545	Group_Home	TER	50	2	33996662	24954922		
5546	Group_Home	TER	50	2	33966590	25067109		
5547	Group_Home	TER	50	2	33362271	24575724		
5548	Group_Home	TER	50	2	33240376	24414922		
5549	Group_Home	TER	50	2	33467006	24464890		
5550	Group_Home	TER	50	2	33604511	24728595		
5551	Group_Home	TER	50	2	33560789	25002078		
5552	Group_Home	TER	50	2	33314974	25029600		
5553	Group_Home	TER	50	2	35422079	25148053		
5554	Group_Home	TER	50	2	33243429	24774119		
5555	Group_Home	TER	50	2	33881514	25252893		
5556	Group_Home	TER	50	2	35149011	25348669		
5557	Group_Home	TER	50	2	34406064	24932458		
5558	Group_Home	TER	50	2	34190343	24883824		
5559	Group_Home	TER	50	2	34157609	25110108		
5560	Group_Home	TER	50	2	35308963	24774294		
5561	Group_Home	TER	50	2	33955550	24631301		
5562	Group_Home	TER	50	2	33801524	25088753		
5563	Hospital	TER	500	0	33192088	24416292		
5564	Hospital	TER	500	0	33935927	24978046		
5565	Hospital	TER	500	0	33933900	25015329		
5566	Hospital	TER	500	0	33937002	24730159		
5567	Hospital	TER	500	0	35011462	25152809		
5568	Hospital	TER	500	0	35372282	25113665		
5569	Hotel	TER	100	2	33937751	24766448		
5570	Hotel	TER	100	2	33241264	24847694		
5571	Hotel	TER	100	2	34127882	24356560		
5572	Hotel	TER	100	2	33298582	24696739		
5573	Hotel	TER	100	2	34061008	24671893		
5574	Hotel	TER	100	2	34220191	24620506		
5575	Hotel	TER	100	2	33648769	25133482		
5576	Hotel	TER	100	2	34103146	24350501		
5577	Hotel	TER	100	2	33932403	24981071		
5578	Hotel	TER	100	2	34197852	24401660		
5579	Hotel	TER	100	2	34074518	24322682		
5580	Hotel	TER	100	2	33375944	24414495		
5581	Hotel	TER	100	2	33210857	24351635		
5582	Hotel	TER	100	2	33169856	24338016		
5583	Hotel	TER	100	2	33177497	24390113		
5584	Hotel	TER	100	2	33973808	24529372		
5585	Hotel	TER	100	2	35359294	25043668		
5586	Hotel	TER	100	2	33893990	24896105		
5587	Hotel	TER	100	2	35240983	24883473		
5588	Hotel	TER	100	2	34239678	24795166		
5589	Hotel	TER	100	2	34096815	24891935		
5590	Hotel	TER	100	2	33845872	25029161		
5591	Hotel	TER	100	2	33267054	24690933		
5592	Hotel	TER	100	2	34103701	24951415		
5593	Hotel	TER	100	2	34799840	25293109		
5594	Hotel	TER	100	2	34901206	25234221		
5595	Hotel	TER	100	2	33918226	24961267		
5596	Hotel	TER	100	2	35058320	25172168		
5597	Hotel	TER	100	2	33557974	25245231		
5598	Hotel	TER	100	2	35402318	25061702		
5599	Hotel	TER	100	2	35419624	25125732		
5600	Hotel	TER	100	2	35313900	24837363		
5601	Hotel	TER	100	2	33941883	24977033		
5602	Hotel	TER	100	2	33945959	25024816		
5603	Hotel	TER	100	2	33929764	25008632		
5604	Hotel	TER	100	2	34026418	24945956		
5605	Hotel	TER	100	2	33931914	24967869		
5606	Hotel	TER	100	2	33405562	25124215		
5607	Hotel	TER	100	2	35025258	25243466		
5608	Hotel	TER	100	2	35170805	25261775		
5609	Jail	TER	100	2	33101509	24550879		
5610	Jail	TER	100	2	33912245	25088811		
5611	Police_Station	TER	50	0	33196574	24376203		
5612	Police_Station	TER	50	0	33927824	24991174		
5613	Police_Station	TER	50	0	33943263	25007254		
5614	Police_Station	TER	50	0	33931863	25022389		
5615	Police_Station	TER	50	0	33944564	24950170		
5616	Police_Station	TER	50	0	35385953	25090507		
5617	Police_Station	TER	50	0	35300333	24916075		
5618	Police_Station	TER	50	0	35327904	24871445		
5619	Police_Station	TER	50	0	35057057	25210986		
5620	Police_Station	TER	50	0	35185992	25141130		
5621	Police_Station	TER	50	0	34982781	25295832		
5622	Police_Station	TER	50	0	34013438	24792861		
5623	Police_Station	TER	50	0	33985030	24684572		
5624	Police_Station	TER	50	0	33875282	24800185		
5625	Police_Station	TER	50	0	33536826	25149160		
5626	Police_Station	TER	50	0	33269109	25056443		
5627	Police_Station	TER	50	0	33807790	25148892		
5628	Police_Station	TER	50	0	33271420	24624931		
5629	Police_Station	TER	50	0	33172658	24794859		
5630	Police_Station	TER	50	0	34201305	24829713		
5631	Police_Station	TER	50	0	34071817	24935733		
5632	Police_Station	TER	50	0	34268058	25088334		
5633	Police_Station	TER	50	0	34132212	24378843		
5634	Police_Station	TER	50	0	33456803	24431029		
5635	Police_Station	TER	50	0	33780831	25309130		
5636	Police_Station	TER	50	0	35300684	25205140		
5637	Police_Station	TER	50	0	34462438	25201385		
5638	Police_Station	TER	50	0	33541339	24657921		
5639	Police_Station	TER	50	0	33048867	24967553		
5640	Police_Station	TER	50	0	34214449	25265356		
5641	College	TER	125	2	33978888	24812237		
5642	Nursing_Home	TER	50	2	33150697	24874805		
5643	Nursing_Home	TER	50	2	33206231	24583659		
5644	Nursing_Home	TER	50	2	33422147	25247016		
5645	Nursing_Home	TER	50	2	33578732	25346219		
5646	Nursing_Home	TER	50	2	33641627	24874912		
5647	Nursing_Home	TER	50	2	33434420	24617466		
5648	Nursing_Home	TER	50	2	33376231	24451366		
5649	Nursing_Home	TER	50	2	33722901	25223413		
5650	Nursing_Home	TER	50	2	33944372	25146671		
5651	Nursing_Home	TER	50	2	33815355	24850068		
5652	Nursing_Home	TER	50	2	33962813	24646555		
5653	Nursing_Home	TER	50	2	34053160	24822488		
5654	Nursing_Home	TER	50	2	34071325	25115053		
5655	Nursing_Home	TER	50	2	34216362	25335567		
5656	Nursing_Home	TER	50	2	34268845	24988978		
5657	Nursing_Home	TER	50	2	34247863	24699895		
5658	Nursing_Home	TER	50	2	34528677	24963452		
5659	Nursing_Home	TER	50	2	34382190	25148306		
5660	Nursing_Home	TER	50	2	34812016	25334584		
5661	Nursing_Home	TER	50	2	34782478	25096344		
5662	Nursing_Home	TER	50	2	35392087	25322838		
5663	Nursing_Home	TER	50	2	35281683	25170562		
5664	Nursing_Home	TER	50	2	35175471	25328529		
5665	Nursing_Home	TER	50	2	35416327	25114414		
5666	Nursing_Home	TER	50	2	35382782	25008572		
5667	Shelter	TER	75	2	33345267	24416109		
5668	Shelter	TER	75	2	33094592	24801034		
5669	Shelter	TER	75	2	33321361	25181190		
5670	Shelter	TER	75	2	33620331	24740740		
5671	Shelter	TER	75	2	33956985	25361446		
5672	Shelter	TER	75	2	34046254	24998974		
5673	Shelter	TER	75	2	33941342	24873612		
5674	Shelter	TER	75	2	33996483	24918039		
5675	Shelter	TER	75	2	34128720	24617698		
5676	Shelter	TER	75	2	34898831	25359462		
5677	Shelter	TER	75	2	35405768	25180007		
5678	Shelter	TER	75	2	35308923	24848049		
5679	Shelter	TER	75	2	34715134	25069261		
5680	Shelter	TER	75	2	34425942	25310052		
5681	Shelter	TER	75	2	34534270	24886422		
5682	School	TER	100	2	33129209	24382454		
5683	School	TER	100	2	33956206	24989856		
5684	School	TER	100	2	35063589	25323803		
5685	School	TER	100	2	34020832	24591652		
5686	School	TER	100	2	33604973	25226335		
5687	School	TER	100	2	34206663	25102537		
5688	School	TER	100	2	33103758	24349145		
5689	School	TER	100	2	33177844	24367809		
5690	School	TER	100	2	33959750	25005103		
5691	School	TER	100	2	33955019	24950543		
5692	School	TER	100	2	35105838	25275189		
5693	School	TER	100	2	35028560	25355116		
5694	School	TER	100	2	34005636	24654014		
5695	School	TER	100	2	34144316	24639904		
5696	School	TER	100	2	33558817	25195544		
5697	School	TER	100	2	33665379	25243130		
5698	School	TER	100	2	34270229	25033379		
5699	School	TER	100	2	34319627	25141588		
5700	School	TER	100	2	33201386	24393926		
5701	School	TER	100	2	33215818	24431512		
5702	School	TER	100	2	33937510	24961079		
5703	School	TER	100	2	33958694	24922858		
5704	School	TER	100	2	34910233	25281413		
5705	School	TER	100	2	35160820	25217144		
5706	School	TER	100	2	34980060	25187869		
5707	School	TER	100	2	33891868	24718779		
5708	School	TER	100	2	34053152	24717996		
5709	School	TER	100	2	33963306	24780514		
5710	School	TER	100	2	33506319	25108585		
5711	School	TER	100	2	33735014	25309545		
5712	School	TER	100	2	33481549	25299892		
5713	School	TER	100	2	34457313	25099139		
5714	School	TER	100	2	34100521	25245160		
5715	School	TER	100	2	34342825	25235509		
5716	School	TER	100	2	33148530	24423435		
5717	School	TER	100	2	33950743	25029581		
5718	School	TER	100	2	35247235	25293772		
5719	School	TER	100	2	33612013	25047839		
5720	Child_Residential_Facility	TER	75	2	33407216	24454453		
5721	Child_Residential_Facility	TER	75	2	33430422	25063300		
5722	Child_Residential_Facility	TER	75	2	33977468	24956613		
5723	Child_Residential_Facility	TER	75	2	33900924	24865524		
5724	Child_Residential_Facility	TER	75	2	34996861	25226480		
5725	Child_Residential_Facility	TER	75	2	34105296	24686422		
5726	Child_Residential_Facility	TER	75	2	35306810	24885063		
5727	Child_Residential_Facility	TER	75	2	35374801	25135921		
5728	Child_Residential_Facility	TER	75	2	35130068	25321170		
5729	Child_Residential_Facility	TER	75	2	33275811	24791476		
5730	Child_Residential_Facility	TER	75	2	34109223	25082434		
5731	Child_Residential_Facility	TER	75	2	34577946	25073964		
5732	Child_Residential_Facility	TER	75	2	33580918	24682552		
5733	EMS_Station	TER	75	0	33931226	24994780		
5734	EMS_Station	TER	75	0	35313894	24973452		
5735	EMS_Station	TER	75	0	34809075	25237518		
5736	EMS_Station	TER	75	0	34444605	25072289		
5737	EMS_Station	TER	75	0	33438071	25219289		
5738	EMS_Station	TER	75	0	33700986	25073462		
5739	EMS_Station	TER	75	0	33296082	24736059		
5740	EMS_Station	TER	75	0	34160936	24379479		
5741	EMS_Station	TER	75	0	34175582	24635073		
5742	EMS_Station	TER	75	0	34338182	24874924		
5743	EMS_Station	TER	75	0	33232441	25033528		
5744	EMS_Station	TER	75	0	33188194	25158798		
5745	EMS_Station	TER	75	0	33956437	24981960		
5746	EMS_Station	TER	75	0	33907499	24944886		
5747	EMS_Station	TER	75	0	33891126	24831326		
5748	EMS_Station	TER	75	0	33138359	24349899		
5749	EMS_Station	TER	75	0	35369727	25212824		
5750	EMS_Station	TER	75	0	35347005	24932502		
5751	EMS_Station	TER	75	0	35256517	24868467		
5752	EMS_Station	TER	75	0	34931229	25253926		
5753	Emergency_Communication_Center	TER	75	2	34731478	24942522		
5754	Emergency_Communication_Center	TER	75	2	34486484	24720407		
5755	Emergency_Communication_Center	TER	75	2	33082923	25050833		
5756	Emergency_Communication_Center	TER	75	2	33574947	24484458		
5757	Emergency_Communication_Center	TER	75	2	34033010	25333203		
5758	Emergency_Communication_Center	TER	75	2	35283272	25068023		
5759	Industry	TER	500	2	34626022	25216914		
5760	Industry	TER	500	2	34762476	25382608		
5761	Industry	TER	500	2	34678051	25172078		
5762	Industry	TER	500	2	34560483	25280236		
5763	Industry	TER	500	2	34494009	25155416		
5764	Industry	TER	300	2	33989018	25300916		
5765	Industry	TER	300	2	33714656	24920087		
5766	Industry	TER	300	2	33672237	24668437		
5767	Industry	TER	300	2	34039710	25283581		
5768	Industry	TER	300	2	33925741	24997020		
5769	Industry	TER	300	2	34486735	25154889		
5770	Industry	TER	300	2	34549774	25259998		
6001	Power_Node	Power	0	1	33168283	25065162		
6002	Power_Node	Power	0	1	33558705	25095484		
6003	Power_Node	Power	0	1	34084729	25273909		
6004	Power_Node	Power	0	1	34691230	25342736		
6005	Power_Node	Power	0	1	34969435	25192327		
6006	Power_Node	Power	0	1	33516821	24707486		
6007	Power_Node	Power	0	1	34366470	24707803		
6008	Power_Node	Power	0	1	34768392	24773877		
6009	Power_Node	Power	0	1	34020963	24722817		
6010	Power_Node	Power	0	1	34516883	25176050		
6011	Power_Node	Power	0	1	34439751	25325238		
6012	Power_Node	Power	0	1	34135293	25132672		
6013	Power_Node	Power	0	1	34250041	25303042		
6014	Power_Node	Power	0	1	33370438	24625472		
6015	Power_Node	Power	0	1	33679677	24643588		
6016	Power_Node	Power	0	1	34109116	24793354		
6017	Power_Node	Power	0	1	34317805	24862164		
6018	Power_Node	Power	0	1	34467566	24818364		
6019	Power_Node	Power	0	1	33891357	24757431		
6020	Power_Node	Power	0	1	33810826	24902220		
6021	Power_Node	Power	0	1	33792619	25000411		
6022	Power_Node	Power	0	1	33918589	25087355		
6023	Power_Node	Power	0	1	33251135	24922829		
6024	Power_Node	Power	0	1	35274870	25344738		
6025	Power_Node	Power	0	1	35218332	24952740		
6026	Power_Node	Power	0	1	34881895	25032808		
6500	External_Demand	Power	500	2	33490936	25477134		
6501	External_Demand	Power	600	2	34226891	25651012		
6502	External_Demand	Power	700	2	35232028	25488518		
7001	Water_Node	Water	0	1	34122026	24901785		
7002	Water_Node	Water	0	1	35317452	25099807		
7003	Water_Node	Water	0	1	33118549	24495114		
7004	Water_Node	Water	0	1	33175940	24430720		
7005	Water_Node	Water	0	1	33065518	24550938		
7006	Water_Node	Water	0	1	33091425	24425094		
7007	Water_Node	Water	0	1	34027509	25098137		
7008	Water_Node	Water	0	1	33987932	25011327		
7009	Water_Node	Water	0	1	33966522	24885209		
7010	Water_Node	Water	0	1	33999806	24856397		
7011	Water_Node	Water	0	1	33901069	24864399		
7012	Water_Node	Water	0	1	33944495	25073831		
7013	Water_Node	Water	0	1	34134646	24683365		
7014	Water_Node	Water	0	1	33991229	24629744		
7015	Water_Node	Water	0	1	33934104	24677357		
7016	Water_Node	Water	0	1	33939099	24612525		
7017	Water_Node	Water	0	1	34087493	24746049		
7018	Water_Node	Water	0	1	34076510	24830709		
7019	Water_Node	Water	0	1	34103280	25299996		
7020	Water_Node	Water	0	1	34026046	25291614		
7021	Water_Node	Water	0	1	34228056	25310337		
7022	Water_Node	Water	0	1	34233234	25067137		
7023	Water_Node	Water	0	1	34601074	25164438		
7024	Water_Node	Water	0	1	34548566	25329085		
7025	Water_Node	Water	0	1	34672962	25358393		
7026	Water_Node	Water	0	1	34824406	25295410		
7027	Water_Node	Water	0	1	34877342	25366730		
7028	Water_Node	Water	0	1	35088647	25342887		
7029	Water_Node	Water	0	1	35166844	25345737		
7030	Water_Node	Water	0	1	35202545	25392131		
7031	Water_Node	Water	0	1	35295182	25234676		
7032	Water_Node	Water	0	1	35388064	25201085		
7033	Water_Node	Water	0	1	35379587	25276301		
7034	Water_Node	Water	0	1	35384256	25071533		
7035	Water_Node	Water	0	1	35291462	25349707		
7036	Water_Node	Water	0	1	35319586	24912893		
7037	Water_Node	Water	0	1	35242752	24863820		
7038	Water_Node	Water	0	1	35135776	24835271		
7039	Water_Node	Water	0	1	35203260	24925335		
7040	Water_Node	Water	0	1	35023602	24799556		
7041	Water_Node	Water	0	1	33374320	25094926		
7042	Water_Node	Water	0	1	33396652	24962704		
7043	Water_Node	Water	0	1	33582317	24922816		
7044	Water_Node	Water	0	1	33356683	24908980		
7045	Water_Node	Water	0	1	33489790	24651550		
7046	Water_Node	Water	0	1	33559298	24747998		
7047	Water_Node	Water	0	1	34352249	25025207		
7048	Water_Node	Water	0	1	34856093	24847113		
7049	Water_Node	Water	0	1	34752332	24989288		
7050	Water_Node	Water	0	1	34726564	24752491		
7051	Water_Node	Water	0	1	35022061	25216493		
7052	Water_Node	Water	0	1	35185943	25182546		
7053	Water_Node	Water	0	1	33363894	25257402		
7054	Water_Node	Water	0	1	33526034	25283243		
7055	Water_Node	Water	0	1	33654193	25338295		
7056	Water_Node	Water	0	1	33635543	25226029		
7057	Water_Node	Water	0	1	33880640	25337385		
7058	Water_Node	Water	0	1	33897473	25196133		
7059	Water_Node	Water	0	1	33501531	25052236		
7060	Water_Node	Water	0	1	33568066	25115969		
7061	Water_Node	Water	0	1	33655515	25057254		
7062	Water_Node	Water	0	1	33698545	24877147		
7063	Water_Node	Water	0	1	33955170	25012152		
7064	Water_Node	Water	0	1	33942801	25022507		
7065	Water_Node	Water	0	1	33948720	24996219		
7066	Water_Node	Water	0	1	33927775	24954503		
7067	Water_Node	Water	0	1	33926264	24976069		
7068	Water_Node	Water	0	1	33933435	25002500		
7069	Water_Node	Water	0	1	33931492	25030228		
7070	Water_Node	Water	0	1	33912023	24971588		
7071	Water_Node	Water	0	1	33922591	24999418		
7072	Water_Node	Water	0	1	33940684	24998751		
7073	Water_Node	Water	0	1	33941683	24984502		
7074	Water_Node	Water	0	1	33368104	24475562		
7075	Water_Node	Water	0	1	33437187	24443269		
7076	Water_Node	Water	0	1	34148697	25064029		
7077	Water_Node	Water	0	1	34594109	25028411		
7078	Water_Node	Water	0	1	34509262	24996279		
7079	Water_Node	Water	0	1	34517367	24839104		
7080	Water_Node	Water	0	1	35392482	25030453		
7081	Water_Node	Water	0	1	34068024	24971815		
7082	Water_Node	Water	0	1	34015493	24964698		
7083	Water_Node	Water	0	1	33929315	24802877		
7084	Water_Node	Water	0	1	33879870	24775544		
7085	Water_Node	Water	0	1	33916494	24729218		
7086	Water_Node	Water	0	1	34170040	24848282		
7087	Water_Node	Water	0	1	33151438	25033882		
7088	Water_Node	Water	0	1	33134668	24900890		
7089	Water_Node	Water	0	1	33227580	24650209		
7090	Water_Node	Water	0	1	33120906	24735149		
7091	Water_Node	Water	0	1	33221052	24798675		
7092	Water_Node	Water	0	1	33225178	24545483		
7093	Water_Node	Water	0	1	33364036	24429807		
7094	Water_Node	Water	0	1	33957210	24746849		
7095	Water_Node	Water	0	1	33916225	24904287		
7096	Water_Node	Water	0	1	34167594	24546685		
7097	Water_Node	Water	0	1	34179851	24398779		
7098	Water_Node	Water	0	1	34143296	24367370		
7099	Water_Node	Water	0	1	34065795	24333078		
7100	Water_Node	Water	0	1	33467680	25154612		
7101	Water_Node	Water	0	1	33624562	25151238		
7102	Water_Node	Water	0	1	33870007	25135213		
7103	Water_Node	Water	0	1	33227295	25067736		
7104	Water_Node	Water	0	1	33234043	24980861		
7105	Water_Node	Water	0	1	33298145	24872055		
7106	Water_Node	Water	0	1	33322606	24750598		
7107	Water_Node	Water	0	1	33590824	24606367		
7108	Water_Node	Water	0	1	33875068	24699147		
7109	Water_Node	Water	0	1	34276552	25222088		
7110	Water_Node	Water	0	1	34842510	25168951		
8001	Well_Site	Water	30	0	33983114	25216346		
8002	Well_Site	Water	30	0	34055872	24819762		
8003	Well_Site	Water	30	0	34102320	24840909		
8004	Well_Site	Water	30	0	34135170	24641305		
8005	Well_Site	Water	30	0	34306793	24712553		
8006	Well_Site	Water	30	0	33972004	24681833		
8007	Well_Site	Water	30	0	34018287	25323904		
8008	Well_Site	Water	30	0	33918489	24666964		
8009	Well_Site	Water	30	0	34188860	25268133		
8010	Well_Site	Water	30	0	35177347	25397301		
8011	Well_Site	Water	30	0	34318425	25147331		
8012	Well_Site	Water	30	0	33538533	24789884		
8013	Well_Site	Water	30	0	34709076	25323580		
8014	Well_Site	Water	30	0	34510473	25350410		
8015	Well_Site	Water	30	0	33960985	24591385		
8016	Well_Site	Water	30	0	34032819	25017081		
8017	Well_Site	Water	30	0	33391533	24742518		
8018	Well_Site	Water	30	0	33191782	24423484		
8019	Well_Site	Water	30	0	33146036	24387465		
8020	Well_Site	Water	30	0	33096596	24388065		
8021	Well_Site	Water	30	0	33077259	24474597		
8022	Well_Site	Water	30	0	34037682	24737707		
8023	Well_Site	Water	30	0	33183509	24477434		
8024	Well_Site	Water	30	0	34204979	24994196		
8025	Well_Site	Water	30	0	33935787	25097385		
8026	Well_Site	Water	30	0	33944707	24964270		
8027	Well_Site	Water	30	0	34025689	24905038		
8028	Well_Site	Water	30	0	33874421	24858916		
8029	Well_Site	Water	30	0	33970522	24810601		
8030	Well_Site	Water	30	0	34041364	24609020		
8031	Well_Site	Water	30	0	33057844	24605334		
8032	Well_Site	Water	30	0	33590466	24997116		
8033	Well_Site	Water	30	0	35174921	24892088		
8034	Well_Site	Water	30	0	35123781	24804779		
8035	Well_Site	Water	30	0	34775791	25248315		
8036	Well_Site	Water	30	0	35333405	24888901		
8037	Well_Site	Water	30	0	34269212	25324958		
8038	Well_Site	Water	30	0	35229379	24950072		
8039	Well_Site	Water	30	0	34369917	24933542		
8040	Well_Site	Water	30	0	35275142	24843507		
8041	Well_Site	Water	30	0	33564437	24839855		
8042	Well_Site	Water	30	0	33386098	24858834		
8043	Well_Site	Water	30	0	33314265	24962688		
8044	Well_Site	Water	30	0	33440211	25096479		
8045	Well_Site	Water	30	0	33524513	24648824		
8046	Well_Site	Water	30	0	33603612	24745092		
8047	Well_Site	Water	30	0	34997025	24818818		
8048	Well_Site	Water	30	0	34934196	25396610		
8049	Well_Site	Water	30	0	34638933	25201936		
8050	Well_Site	Water	30	0	35293676	24930656		
8051	Well_Site	Water	30	0	34525862	25138579		
8052	Well_Site	Water	30	0	35363703	25169842		
8053	Well_Site	Water	30	0	34952595	25339094		
8054	Well_Site	Water	30	0	35089764	25365928		
8055	Well_Site	Water	30	0	35208976	25361833		
8056	Well_Site	Water	30	0	35311128	25357878		
8057	Well_Site	Water	30	0	35353481	25270245		
8058	Well_Site	Water	30	0	35402630	25243022		
8059	Well_Site	Water	30	0	35363055	25056245		
8060	Well_Site	Water	30	0	35406245	25100831		
8061	Well_Site	Water	30	0	35308638	25206628		
8062	Well_Site	Water	30	0	35299300	25302602		
8063	Well_Site	Water	30	0	34617691	25118964		
8064	Well_Site	Water	30	0	34903394	25254000		
8501	Water_Treatment_Plant	Water	120	0	35337221	24945637		
8502	Water_Treatment_Plant	Water	120	0	35271039	25238997		
8503	Water_Treatment_Plant	Water	120	0	35066955	25327403		
8504	Water_Treatment_Plant	Water	120	0	34566527	25274190		
8505	Water_Treatment_Plant	Water	120	0	34052487	25136782		
8506	Water_Treatment_Plant	Water	120	0	34129030	24713387		
8507	Water_Treatment_Plant	Water	120	0	33220531	25189695		
8508	Water_Treatment_Plant	Water	120	0	33310484	24541035		
8509	Water_Treatment_Plant	Water	120	0	33114025	24524916		
